00000000000000000000000000000000000000000000000000000000000000000
00000000000000000000000000000000000000000000000000000000000000000
00000000000000000000000000000000000000000000000000000000000000000
00000000000000000000000000000000000000000000000000000000000000000
00000000011111111110000011111111110000000000000000000000000000000
00000000001111111100000001111111100000000000000000000000000000000
00000000001111111100000001111111100000111111100000000000000000000
00000000001111111100000001111111100000111111100000000000000000000
00000000001111111100000001111111100000111111100000000000000000000
00000000001111111100000001111111100000000000000000000000000000000
00000000001111111111111111111111100001111111100000000000000000000
00000000001111111100000001111111100000111111100000000000000000000
00000000001111111100000001111111100000111111100000000000000000000
00000000001111111100000001111111100000111111100000000000000000000
00000000001111111100000001111111100000111111100000000000000000000
00000000001111111100000001111111100000111111100001111000000000000
00000000011111111110000011111111110001111111110001111000000000000
00000000000000000000000000000000000000000000000000000000000000000
00000000000000000000000000000000000000000000000000000000000000000
00000000000000000000000000000000000000000000000000000000000000000
00000000000000000000000000000000000000000000000000000000000000000
22222222222222222222222222222222222222222222222222222222222222222
22222222222222222222222222222222222222222222222222222222222222222
22222222222222222222222222222222222222222222222222222222222222222
22222222222222222222222222222222222222222222222222222222222222222
22222222211111111112222211111111112222222222222222222222222222222
22222222221111111122222221111111122222222222222222222222222222222
22222222221111111122222221111111122222111111122222222222222222222
22222222221111111122222221111111122222111111122222222222222222222
22222222221111111122222221111111122222111111122222222222222222222
22222222221111111122222221111111122222222222222222222222222222222
22222222221111111111111111111111122221111111122222222222222222222
22222222221111111122222221111111122222111111122222222222222222222
22222222221111111122222221111111122222111111122222222222222222222
22222222221111111122222221111111122222111111122222222222222222222
22222222221111111122222221111111122222111111122222222222222222222
22222222221111111122222221111111122222111111122221111222222222222
22222222211111111112222211111111112221111111112221111222222222222
22222222222222222222222222222222222222222222222222222222222222222
22222222222222222222222222222222222222222222222222222222222222222
22222222222222222222222222222222222222222222222222222222222222222
22222222222222222222222222222222222222222222222222222222222222222
